

===VERSION 1.25===
---GAME START @ 2015-5-26-0-49-27---

wait registration for 30 seconds
close registration
game-over

===VERSION 1.25===
---GAME START @ 2015-5-26-0-52-9---

wait registration for 30 seconds
close registration
game-over

===VERSION 1.25===
---GAME START @ 2015-6-2-2-20-56---

wait registration for 30 seconds
reg: 8888 tt 
reg: 5555 tt 
reg: 7777 tt 
close registration

-----1 Hand-----

----- clean player data in socket -----
seat/ 
button: 8888 2000 8000 
small blind: 7777 2000 8000 
big blind: 5555 2000 8000 
/seat 
blind/ 
7777: 50 
5555: 100 
/blind 
player 7777:hold/ 
SPADES 10 
CLUBS J 
/hold 
player 5555:hold/ 
HEARTS A 
DIAMONDS A 
/hold 
player 8888:hold/ 
CLUBS 10 
SPADES K 
/hold 

---pre flop round bet---
valid player: 3, all in player: 0, fold player: 0

send inquire msg to player 8888 
inquire/ 
5555 1900 8000 100 blind 
7777 1950 8000 50 blind 
total pot: 150 
/inquire 
recv from player 8888: call 


send inquire msg to player 7777 
inquire/ 
8888 1900 8000 100 call 
5555 1900 8000 100 blind 
7777 1950 8000 50 blind 
total pot: 250 
/inquire 
recv from player 7777: call 


send inquire msg to player 5555 
inquire/ 
7777 1900 8000 100 call 
8888 1900 8000 100 call 
5555 1900 8000 100 blind 
total pot: 300 
/inquire 
recv from player 5555: call 

flop/ 
HEARTS K 
SPADES 9 
SPADES J 
/flop 

---flop round bet---
valid player: 3, all in player: 0, fold player: 0

send inquire msg to player 7777 
inquire/ 
8888 1900 8000 100 call 
5555 1900 8000 100 check 
7777 1900 8000 100 call 
total pot: 300 
/inquire 
recv from player 7777: raise 100 


send inquire msg to player 5555 
inquire/ 
7777 1800 8000 200 raise 
8888 1900 8000 100 call 
5555 1900 8000 100 check 
total pot: 400 
/inquire 
recv from player 5555: raise 100 

find residue data from player 8888, data size 7

send inquire msg to player 8888 
inquire/ 
5555 1700 8000 300 raise 
7777 1800 8000 200 raise 
8888 1900 8000 100 call 
total pot: 600 
/inquire 
recv from player 8888: fold 

find residue data from player 7777, data size 7

send inquire msg to player 7777 
inquire/ 
8888 1900 8000 100 fold 
5555 1700 8000 300 raise 
7777 1800 8000 200 raise 
total pot: 600 
/inquire 
recv from player 7777: fold 


---turn round bet---
valid player: 3, all in player: 0, fold player: 2

---river round bet---
valid player: 3, all in player: 0, fold player: 2

----- notify msg last round -----

--- 1 players not fold, don't need show down---

---Allocate pot---
Only player at seat 1 not fold, win all the pot 600
pot-win/ 
5555: 600 
/pot-win 
it is player 7777's turn to be button

-----2 Hand-----

----- clean player data in socket -----
find residue data from player 5555, data size 8
seat/ 
button: 7777 1800 8000 
small blind: 5555 2300 8000 
big blind: 8888 1900 8000 
/seat 
blind/ 
5555: 50 
8888: 100 
/blind 
player 5555:hold/ 
DIAMONDS 7 
CLUBS 9 
/hold 
player 8888:hold/ 
DIAMONDS 3 
HEARTS 9 
/hold 
player 7777:hold/ 
HEARTS 2 
CLUBS 4 
/hold 

---pre flop round bet---
valid player: 3, all in player: 0, fold player: 0

send inquire msg to player 7777 
inquire/ 
8888 1800 8000 100 blind 
5555 2250 8000 50 blind 
total pot: 150 
/inquire 
recv from player 7777: call 


send inquire msg to player 5555 
inquire/ 
7777 1700 8000 100 call 
8888 1800 8000 100 blind 
5555 2250 8000 50 blind 
total pot: 250 
/inquire 
recv from player 5555: call 


send inquire msg to player 8888 
inquire/ 
5555 2200 8000 100 call 
7777 1700 8000 100 call 
8888 1800 8000 100 blind 
total pot: 300 
/inquire 
recv from player 8888: call 

flop/ 
DIAMONDS 5 
SPADES Q 
SPADES 6 
/flop 

---flop round bet---
valid player: 3, all in player: 0, fold player: 0

send inquire msg to player 5555 
inquire/ 
7777 1700 8000 100 call 
8888 1800 8000 100 check 
5555 2200 8000 100 call 
total pot: 300 
/inquire 
recv from player 5555: fold 


send inquire msg to player 8888 
inquire/ 
5555 2200 8000 100 fold 
7777 1700 8000 100 call 
8888 1800 8000 100 check 
total pot: 300 
/inquire 
recv from player 8888: fold 

find residue data from player 7777, data size 7

send inquire msg to player 7777 
inquire/ 
8888 1800 8000 100 fold 
5555 2200 8000 100 fold 
7777 1700 8000 100 call 
total pot: 300 
/inquire 
recv from player 7777: check 


---turn round bet---
valid player: 3, all in player: 0, fold player: 2

---river round bet---
valid player: 3, all in player: 0, fold player: 2

----- notify msg last round -----

--- 1 players not fold, don't need show down---

---Allocate pot---
Only player at seat 7 not fold, win all the pot 300
pot-win/ 
7777: 300 
/pot-win 
it is player 5555's turn to be button

-----3 Hand-----

----- clean player data in socket -----
find residue data from player 8888, data size 7
find residue data from player 5555, data size 8
seat/ 
button: 5555 2200 8000 
small blind: 8888 1800 8000 
big blind: 7777 2000 8000 
/seat 
blind/ 
8888: 50 
7777: 100 
/blind 
player 8888:hold/ 
SPADES 2 
DIAMONDS 7 
/hold 
player 7777:hold/ 
DIAMONDS Q 
HEARTS 10 
/hold 
player 5555:hold/ 
HEARTS 3 
DIAMONDS 4 
/hold 

---pre flop round bet---
valid player: 3, all in player: 0, fold player: 0

send inquire msg to player 5555 
inquire/ 
7777 1900 8000 100 blind 
8888 1750 8000 50 blind 
total pot: 150 
/inquire 
recv from player 5555: call 


send inquire msg to player 8888 
inquire/ 
5555 2100 8000 100 call 
7777 1900 8000 100 blind 
8888 1750 8000 50 blind 
total pot: 250 
/inquire 
recv from player 8888: call 


send inquire msg to player 7777 
inquire/ 
8888 1700 8000 100 call 
5555 2100 8000 100 call 
7777 1900 8000 100 blind 
total pot: 300 
/inquire 
recv from player 7777: call 

flop/ 
SPADES 9 
DIAMONDS 2 
HEARTS 4 
/flop 

---flop round bet---
valid player: 3, all in player: 0, fold player: 0

send inquire msg to player 8888 
inquire/ 
5555 2100 8000 100 call 
7777 1900 8000 100 check 
8888 1700 8000 100 call 
total pot: 300 
/inquire 
recv from player 8888: fold 


send inquire msg to player 7777 
inquire/ 
8888 1700 8000 100 fold 
5555 2100 8000 100 call 
7777 1900 8000 100 check 
total pot: 300 
/inquire 
recv from player 7777: fold 

find residue data from player 5555, data size 7

send inquire msg to player 5555 
inquire/ 
7777 1900 8000 100 fold 
8888 1700 8000 100 fold 
5555 2100 8000 100 call 
total pot: 300 
/inquire 
recv from player 5555: check 


---turn round bet---
valid player: 3, all in player: 0, fold player: 2

---river round bet---
valid player: 3, all in player: 0, fold player: 2

----- notify msg last round -----

--- 1 players not fold, don't need show down---

---Allocate pot---
Only player at seat 7 not fold, win all the pot 300
pot-win/ 
5555: 300 
/pot-win 
it is player 8888's turn to be button

-----4 Hand-----

----- clean player data in socket -----
find residue data from player 7777, data size 8
find residue data from player 8888, data size 7
seat/ 
button: 8888 1700 8000 
small blind: 7777 1900 8000 
big blind: 5555 2400 8000 
/seat 
blind/ 
7777: 50 
5555: 100 
/blind 
player 7777:hold/ 
SPADES Q 
DIAMONDS 2 
/hold 
player 5555:hold/ 
DIAMONDS A 
HEARTS A 
/hold 
player 8888:hold/ 
HEARTS 9 
HEARTS 5 
/hold 

---pre flop round bet---
valid player: 3, all in player: 0, fold player: 0

send inquire msg to player 8888 
inquire/ 
5555 2300 8000 100 blind 
7777 1850 8000 50 blind 
total pot: 150 
/inquire 
recv from player 8888: call 


send inquire msg to player 7777 
inquire/ 
8888 1600 8000 100 call 
5555 2300 8000 100 blind 
7777 1850 8000 50 blind 
total pot: 250 
/inquire 
recv from player 7777: call 


send inquire msg to player 5555 
inquire/ 
7777 1800 8000 100 call 
8888 1600 8000 100 call 
5555 2300 8000 100 blind 
total pot: 300 
/inquire 
recv from player 5555: call 

flop/ 
DIAMONDS 7 
DIAMONDS 10 
SPADES 6 
/flop 

---flop round bet---
valid player: 3, all in player: 0, fold player: 0

send inquire msg to player 7777 
inquire/ 
8888 1600 8000 100 call 
5555 2300 8000 100 check 
7777 1800 8000 100 call 
total pot: 300 
/inquire 
recv from player 7777: fold 


send inquire msg to player 5555 
inquire/ 
7777 1800 8000 100 fold 
8888 1600 8000 100 call 
5555 2300 8000 100 check 
total pot: 300 
/inquire 
recv from player 5555: raise 100 

find residue data from player 8888, data size 7

send inquire msg to player 8888 
inquire/ 
5555 2200 8000 200 raise 
7777 1800 8000 100 fold 
8888 1600 8000 100 call 
total pot: 400 
/inquire 
recv from player 8888: fold 


---turn round bet---
valid player: 3, all in player: 0, fold player: 2

---river round bet---
valid player: 3, all in player: 0, fold player: 2

----- notify msg last round -----

--- 1 players not fold, don't need show down---

---Allocate pot---
Only player at seat 1 not fold, win all the pot 400
pot-win/ 
5555: 400 
/pot-win 
it is player 7777's turn to be button

-----5 Hand-----

----- clean player data in socket -----
find residue data from player 5555, data size 7
find residue data from player 7777, data size 7
seat/ 
button: 7777 1800 8000 
small blind: 5555 2600 8000 
big blind: 8888 1600 8000 
/seat 
blind/ 
5555: 50 
8888: 100 
/blind 
player 5555:hold/ 
DIAMONDS 4 
CLUBS 7 
/hold 
player 8888:hold/ 
CLUBS A 
SPADES 4 
/hold 
player 7777:hold/ 
CLUBS 2 
CLUBS K 
/hold 

---pre flop round bet---
valid player: 3, all in player: 0, fold player: 0

send inquire msg to player 7777 
inquire/ 
8888 1500 8000 100 blind 
5555 2550 8000 50 blind 
total pot: 150 
/inquire 
recv from player 7777: call 


send inquire msg to player 5555 
inquire/ 
7777 1700 8000 100 call 
8888 1500 8000 100 blind 
5555 2550 8000 50 blind 
total pot: 250 
/inquire 
recv from player 5555: call 


send inquire msg to player 8888 
inquire/ 
5555 2500 8000 100 call 
7777 1700 8000 100 call 
8888 1500 8000 100 blind 
total pot: 300 
/inquire 
recv from player 8888: call 

flop/ 
DIAMONDS 3 
HEARTS 5 
DIAMONDS 7 
/flop 

---flop round bet---
valid player: 3, all in player: 0, fold player: 0

send inquire msg to player 5555 
inquire/ 
7777 1700 8000 100 call 
8888 1500 8000 100 check 
5555 2500 8000 100 call 
total pot: 300 
/inquire 
recv from player 5555: fold 

find residue data from player 8888, data size 7

send inquire msg to player 8888 
inquire/ 
5555 2500 8000 100 fold 
7777 1700 8000 100 call 
8888 1500 8000 100 check 
total pot: 300 
/inquire 
recv from player 8888: check 

find residue data from player 7777, data size 7

send inquire msg to player 7777 
inquire/ 
8888 1500 8000 100 check 
5555 2500 8000 100 fold 
7777 1700 8000 100 call 
total pot: 300 
/inquire 
recv from player 7777: fold 


---turn round bet---
valid player: 3, all in player: 0, fold player: 2

---river round bet---
valid player: 3, all in player: 0, fold player: 2

----- notify msg last round -----

--- 1 players not fold, don't need show down---

---Allocate pot---
Only player at seat 1 not fold, win all the pot 300
pot-win/ 
8888: 300 
/pot-win 
it is player 5555's turn to be button

-----6 Hand-----

----- clean player data in socket -----
find residue data from player 5555, data size 8
seat/ 
button: 5555 2500 8000 
small blind: 8888 1800 8000 
big blind: 7777 1700 8000 
/seat 
blind/ 
8888: 50 
7777: 100 
/blind 
player 8888:hold/ 
HEARTS 7 
HEARTS 10 
/hold 
player 7777:hold/ 
HEARTS 8 
SPADES 2 
/hold 
player 5555:hold/ 
DIAMONDS K 
DIAMONDS J 
/hold 

---pre flop round bet---
valid player: 3, all in player: 0, fold player: 0

send inquire msg to player 5555 
inquire/ 
7777 1600 8000 100 blind 
8888 1750 8000 50 blind 
total pot: 150 
/inquire 
recv from player 5555: call 


send inquire msg to player 8888 
inquire/ 
5555 2400 8000 100 call 
7777 1600 8000 100 blind 
8888 1750 8000 50 blind 
total pot: 250 
/inquire 
recv from player 8888: call 


send inquire msg to player 7777 
inquire/ 
8888 1700 8000 100 call 
5555 2400 8000 100 call 
7777 1600 8000 100 blind 
total pot: 300 
/inquire 
recv from player 7777: call 

flop/ 
CLUBS 8 
DIAMONDS 9 
HEARTS A 
/flop 

---flop round bet---
valid player: 3, all in player: 0, fold player: 0

send inquire msg to player 8888 
inquire/ 
5555 2400 8000 100 call 
7777 1600 8000 100 check 
8888 1700 8000 100 call 
total pot: 300 
/inquire 
recv from player 8888: fold 

find residue data from player 7777, data size 7

send inquire msg to player 7777 
inquire/ 
8888 1700 8000 100 fold 
5555 2400 8000 100 call 
7777 1600 8000 100 check 
total pot: 300 
/inquire 
recv from player 7777: check 

find residue data from player 5555, data size 7

send inquire msg to player 5555 
inquire/ 
7777 1600 8000 100 check 
8888 1700 8000 100 fold 
5555 2400 8000 100 call 
total pot: 300 
/inquire 
recv from player 5555: check 

turn/ 
DIAMONDS Q 
/turn 

---turn round bet---
valid player: 3, all in player: 0, fold player: 1

send inquire msg to player 7777 
inquire/ 
8888 1700 8000 100 fold 
5555 2400 8000 100 check 
7777 1600 8000 100 check 
total pot: 300 
/inquire 
recv from player 7777: fold 


send inquire msg to player 5555 
inquire/ 
7777 1600 8000 100 fold 
8888 1700 8000 100 fold 
5555 2400 8000 100 check 
total pot: 300 
/inquire 
recv from player 5555: check 


---river round bet---
valid player: 3, all in player: 0, fold player: 2

----- notify msg last round -----

--- 1 players not fold, don't need show down---

---Allocate pot---
Only player at seat 7 not fold, win all the pot 300
pot-win/ 
5555: 300 
/pot-win 
it is player 8888's turn to be button

-----7 Hand-----

----- clean player data in socket -----
find residue data from player 8888, data size 8
seat/ 
button: 8888 1700 8000 
small blind: 7777 1600 8000 
big blind: 5555 2700 8000 
/seat 
blind/ 
7777: 50 
5555: 100 
/blind 
player 7777:hold/ 
CLUBS 5 
DIAMONDS 7 
/hold 
player 5555:hold/ 
HEARTS 6 
SPADES K 
/hold 
player 8888:hold/ 
CLUBS J 
DIAMONDS 10 
/hold 

---pre flop round bet---
valid player: 3, all in player: 0, fold player: 0

send inquire msg to player 8888 
inquire/ 
5555 2600 8000 100 blind 
7777 1550 8000 50 blind 
total pot: 150 
/inquire 
recv from player 8888: call 


send inquire msg to player 7777 
inquire/ 
8888 1600 8000 100 call 
5555 2600 8000 100 blind 
7777 1550 8000 50 blind 
total pot: 250 
/inquire 
recv from player 7777: call 


send inquire msg to player 5555 
inquire/ 
7777 1500 8000 100 call 
8888 1600 8000 100 call 
5555 2600 8000 100 blind 
total pot: 300 
/inquire 
recv from player 5555: call 

flop/ 
CLUBS 8 
HEARTS 8 
SPADES 2 
/flop 

---flop round bet---
valid player: 3, all in player: 0, fold player: 0

send inquire msg to player 7777 
inquire/ 
8888 1600 8000 100 call 
5555 2600 8000 100 check 
7777 1500 8000 100 call 
total pot: 300 
/inquire 
recv from player 7777: fold 


send inquire msg to player 5555 
inquire/ 
7777 1500 8000 100 fold 
8888 1600 8000 100 call 
5555 2600 8000 100 check 
total pot: 300 
/inquire 
recv from player 5555: fold 

find residue data from player 8888, data size 7

send inquire msg to player 8888 
inquire/ 
5555 2600 8000 100 fold 
7777 1500 8000 100 fold 
8888 1600 8000 100 call 
total pot: 300 
/inquire 
recv from player 8888: check 


---turn round bet---
valid player: 3, all in player: 0, fold player: 2

---river round bet---
valid player: 3, all in player: 0, fold player: 2

----- notify msg last round -----

--- 1 players not fold, don't need show down---

---Allocate pot---
Only player at seat 7 not fold, win all the pot 300
pot-win/ 
8888: 300 
/pot-win 
it is player 7777's turn to be button

-----8 Hand-----

----- clean player data in socket -----
find residue data from player 5555, data size 7
find residue data from player 7777, data size 7
seat/ 
button: 7777 1500 8000 
small blind: 5555 2600 8000 
big blind: 8888 1900 8000 
/seat 
blind/ 
5555: 50 
8888: 100 
/blind 
player 5555:hold/ 
CLUBS J 
SPADES 5 
/hold 
player 8888:hold/ 
CLUBS 4 
HEARTS A 
/hold 
player 7777:hold/ 
SPADES 2 
HEARTS 9 
/hold 

---pre flop round bet---
valid player: 3, all in player: 0, fold player: 0

send inquire msg to player 7777 
inquire/ 
8888 1800 8000 100 blind 
5555 2550 8000 50 blind 
total pot: 150 
/inquire 
recv from player 7777: call 


send inquire msg to player 5555 
inquire/ 
7777 1400 8000 100 call 
8888 1800 8000 100 blind 
5555 2550 8000 50 blind 
total pot: 250 
/inquire 
recv from player 5555: call 


send inquire msg to player 8888 
inquire/ 
5555 2500 8000 100 call 
7777 1400 8000 100 call 
8888 1800 8000 100 blind 
total pot: 300 
/inquire 
recv from player 8888: call 

flop/ 
HEARTS J 
DIAMONDS A 
HEARTS 8 
/flop 

---flop round bet---
valid player: 3, all in player: 0, fold player: 0

send inquire msg to player 5555 
inquire/ 
7777 1400 8000 100 call 
8888 1800 8000 100 check 
5555 2500 8000 100 call 
total pot: 300 
/inquire 
recv from player 5555: fold 


send inquire msg to player 8888 
inquire/ 
5555 2500 8000 100 fold 
7777 1400 8000 100 call 
8888 1800 8000 100 check 
total pot: 300 
/inquire 
recv from player 8888: fold 

find residue data from player 7777, data size 7

send inquire msg to player 7777 
inquire/ 
8888 1800 8000 100 fold 
5555 2500 8000 100 fold 
7777 1400 8000 100 call 
total pot: 300 
/inquire 
recv from player 7777: fold 


---turn round bet---
valid player: 3, all in player: 0, fold player: 3

---river round bet---
valid player: 3, all in player: 0, fold player: 3

----- notify msg last round -----

--- 0 players not fold, don't need show down---

---Allocate pot---
pot-win/ 
/pot-win 
it is player 5555's turn to be button

-----9 Hand-----

----- clean player data in socket -----
find residue data from player 5555, data size 8
seat/ 
button: 5555 2500 8000 
small blind: 8888 1800 8000 
big blind: 7777 1400 8000 
/seat 
blind/ 
8888: 50 
7777: 100 
/blind 
player 8888:hold/ 
DIAMONDS 5 
DIAMONDS 2 
/hold 
player 7777:hold/ 
CLUBS 4 
SPADES J 
/hold 
player 5555:hold/ 
SPADES 7 
DIAMONDS Q 
/hold 

---pre flop round bet---
valid player: 3, all in player: 0, fold player: 0

send inquire msg to player 5555 
inquire/ 
7777 1300 8000 100 blind 
8888 1750 8000 50 blind 
total pot: 150 
/inquire 
recv from player 5555: call 


send inquire msg to player 8888 
inquire/ 
5555 2400 8000 100 call 
7777 1300 8000 100 blind 
8888 1750 8000 50 blind 
total pot: 250 
/inquire 
recv from player 8888: check 


send inquire msg to player 7777 
inquire/ 
8888 1700 8000 100 call 
5555 2400 8000 100 call 
7777 1300 8000 100 blind 
total pot: 300 
/inquire 
recv from player 7777: call 

flop/ 
SPADES 4 
SPADES 2 
HEARTS 7 
/flop 

---flop round bet---
valid player: 3, all in player: 0, fold player: 0
find residue data from player 8888, data size 7

send inquire msg to player 8888 
inquire/ 
5555 2400 8000 100 call 
7777 1300 8000 100 check 
8888 1700 8000 100 call 
total pot: 300 
/inquire 
recv from player 8888: fold 

find residue data from player 7777, data size 7

send inquire msg to player 7777 
inquire/ 
8888 1700 8000 100 fold 
5555 2400 8000 100 call 
7777 1300 8000 100 check 
total pot: 300 
/inquire 
recv from player 7777: check 

find residue data from player 5555, data size 7

send inquire msg to player 5555 
inquire/ 
7777 1300 8000 100 check 
8888 1700 8000 100 fold 
5555 2400 8000 100 call 
total pot: 300 
/inquire 
recv from player 5555: check 

turn/ 
HEARTS J 
/turn 

---turn round bet---
valid player: 3, all in player: 0, fold player: 1

send inquire msg to player 7777 
inquire/ 
8888 1700 8000 100 fold 
5555 2400 8000 100 check 
7777 1300 8000 100 check 
total pot: 300 
/inquire 
recv from player 7777: check 


send inquire msg to player 5555 
inquire/ 
7777 1300 8000 100 check 
8888 1700 8000 100 fold 
5555 2400 8000 100 check 
total pot: 300 
/inquire 
recv from player 5555: check 

river/ 
SPADES 6 
/river 

---river round bet---
valid player: 3, all in player: 0, fold player: 1

send inquire msg to player 7777 
inquire/ 
8888 1700 8000 100 fold 
5555 2400 8000 100 check 
7777 1300 8000 100 check 
total pot: 300 
/inquire 
recv from player 7777: check 


send inquire msg to player 5555 
inquire/ 
7777 1300 8000 100 check 
8888 1700 8000 100 fold 
5555 2400 8000 100 check 
total pot: 300 
/inquire 
recv from player 5555: fold 


----- notify msg last round -----

--- 1 players not fold, don't need show down---

---Allocate pot---
Only player at seat 1 not fold, win all the pot 300
pot-win/ 
7777: 300 
/pot-win 
it is player 8888's turn to be button

-----10 Hand-----

----- clean player data in socket -----
find residue data from player 8888, data size 8
seat/ 
button: 8888 1700 8000 
small blind: 7777 1600 8000 
big blind: 5555 2400 8000 
/seat 
blind/ 
7777: 50 
5555: 100 
/blind 
player 7777:hold/ 
CLUBS A 
SPADES J 
/hold 
player 5555:hold/ 
CLUBS 2 
DIAMONDS Q 
/hold 
player 8888:hold/ 
HEARTS A 
HEARTS 8 
/hold 

---pre flop round bet---
valid player: 3, all in player: 0, fold player: 0

send inquire msg to player 8888 
inquire/ 
5555 2300 8000 100 blind 
7777 1550 8000 50 blind 
total pot: 150 
/inquire 
recv from player 8888: call 


send inquire msg to player 7777 
inquire/ 
8888 1600 8000 100 call 
5555 2300 8000 100 blind 
7777 1550 8000 50 blind 
total pot: 250 
/inquire 
recv from player 7777: call 


send inquire msg to player 5555 
inquire/ 
7777 1500 8000 100 call 
8888 1600 8000 100 call 
5555 2300 8000 100 blind 
total pot: 300 
/inquire 
recv from player 5555: call 

flop/ 
CLUBS 4 
SPADES 6 
SPADES 9 
/flop 

---flop round bet---
valid player: 3, all in player: 0, fold player: 0

send inquire msg to player 7777 
inquire/ 
8888 1600 8000 100 call 
5555 2300 8000 100 check 
7777 1500 8000 100 call 
total pot: 300 
/inquire 
recv from player 7777: fold 

find residue data from player 5555, data size 7

send inquire msg to player 5555 
inquire/ 
7777 1500 8000 100 fold 
8888 1600 8000 100 call 
5555 2300 8000 100 check 
total pot: 300 
/inquire 
recv from player 5555: fold 

find residue data from player 8888, data size 7

send inquire msg to player 8888 
inquire/ 
5555 2300 8000 100 fold 
7777 1500 8000 100 fold 
8888 1600 8000 100 call 
total pot: 300 
/inquire 
recv from player 8888: fold 


---turn round bet---
valid player: 3, all in player: 0, fold player: 3

---river round bet---
valid player: 3, all in player: 0, fold player: 3

----- notify msg last round -----

--- 0 players not fold, don't need show down---

---Allocate pot---
pot-win/ 
/pot-win 
it is player 7777's turn to be button

-----11 Hand-----

----- clean player data in socket -----
find residue data from player 7777, data size 7
seat/ 
button: 7777 1500 8000 
small blind: 5555 2300 8000 
big blind: 8888 1600 8000 
/seat 
blind/ 
5555: 50 
8888: 100 
/blind 
player 5555:hold/ 
SPADES 3 
DIAMONDS 4 
/hold 
player 8888:hold/ 
HEARTS 6 
CLUBS J 
/hold 
player 7777:hold/ 
DIAMONDS 3 
CLUBS 4 
/hold 

---pre flop round bet---
valid player: 3, all in player: 0, fold player: 0

send inquire msg to player 7777 
inquire/ 
8888 1500 8000 100 blind 
5555 2250 8000 50 blind 
total pot: 150 
/inquire 
recv from player 7777: call 


send inquire msg to player 5555 
inquire/ 
7777 1400 8000 100 call 
8888 1500 8000 100 blind 
5555 2250 8000 50 blind 
total pot: 250 
/inquire 
recv from player 5555: call 


send inquire msg to player 8888 
inquire/ 
5555 2200 8000 100 call 
7777 1400 8000 100 call 
8888 1500 8000 100 blind 
total pot: 300 
/inquire 
recv from player 8888: call 

flop/ 
CLUBS 2 
CLUBS 5 
CLUBS 8 
/flop 

---flop round bet---
valid player: 3, all in player: 0, fold player: 0

send inquire msg to player 5555 
inquire/ 
7777 1400 8000 100 call 
8888 1500 8000 100 check 
5555 2200 8000 100 call 
total pot: 300 
/inquire 
recv from player 5555: fold 


send inquire msg to player 8888 
inquire/ 
5555 2200 8000 100 fold 
7777 1400 8000 100 call 
8888 1500 8000 100 check 
total pot: 300 
/inquire 
recv from player 8888: fold 

find residue data from player 7777, data size 7

send inquire msg to player 7777 
inquire/ 
8888 1500 8000 100 fold 
5555 2200 8000 100 fold 
7777 1400 8000 100 call 
total pot: 300 
/inquire 
recv from player 7777: check 


---turn round bet---
valid player: 3, all in player: 0, fold player: 2

---river round bet---
valid player: 3, all in player: 0, fold player: 2

----- notify msg last round -----

--- 1 players not fold, don't need show down---

---Allocate pot---
Only player at seat 7 not fold, win all the pot 300
pot-win/ 
7777: 300 
/pot-win 
it is player 5555's turn to be button

-----12 Hand-----

----- clean player data in socket -----
find residue data from player 8888, data size 8
find residue data from player 5555, data size 7
seat/ 
button: 5555 2200 8000 
small blind: 8888 1500 8000 
big blind: 7777 1700 8000 
/seat 
blind/ 
8888: 50 
7777: 100 
/blind 
player 8888:hold/ 
DIAMONDS A 
DIAMONDS 4 
/hold 
player 7777:hold/ 
SPADES 6 
HEARTS Q 
/hold 
player 5555:hold/ 
DIAMONDS 10 
HEARTS 6 
/hold 

---pre flop round bet---
valid player: 3, all in player: 0, fold player: 0

send inquire msg to player 5555 
inquire/ 
7777 1600 8000 100 blind 
8888 1450 8000 50 blind 
total pot: 150 
/inquire 
recv from player 5555: call 


send inquire msg to player 8888 
inquire/ 
5555 2100 8000 100 call 
7777 1600 8000 100 blind 
8888 1450 8000 50 blind 
total pot: 250 
/inquire 
recv from player 8888: call 


send inquire msg to player 7777 
inquire/ 
8888 1400 8000 100 call 
5555 2100 8000 100 call 
7777 1600 8000 100 blind 
total pot: 300 
/inquire 
recv from player 7777: call 

flop/ 
CLUBS 5 
DIAMONDS 5 
SPADES K 
/flop 

---flop round bet---
valid player: 3, all in player: 0, fold player: 0

send inquire msg to player 8888 
inquire/ 
5555 2100 8000 100 call 
7777 1600 8000 100 check 
8888 1400 8000 100 call 
total pot: 300 
/inquire 
recv from player 8888: fold 

find residue data from player 7777, data size 7

send inquire msg to player 7777 
inquire/ 
8888 1400 8000 100 fold 
5555 2100 8000 100 call 
7777 1600 8000 100 check 
total pot: 300 
/inquire 
recv from player 7777: fold 

find residue data from player 5555, data size 7

send inquire msg to player 5555 
inquire/ 
7777 1600 8000 100 fold 
8888 1400 8000 100 fold 
5555 2100 8000 100 call 
total pot: 300 
/inquire 
recv from player 5555: fold 


---turn round bet---
valid player: 3, all in player: 0, fold player: 3

---river round bet---
valid player: 3, all in player: 0, fold player: 3

----- notify msg last round -----

--- 0 players not fold, don't need show down---

---Allocate pot---
pot-win/ 
/pot-win 
it is player 8888's turn to be button

-----13 Hand-----

----- clean player data in socket -----
find residue data from player 8888, data size 8
seat/ 
button: 8888 1400 8000 
small blind: 7777 1600 8000 
big blind: 5555 2100 8000 
/seat 
blind/ 
7777: 50 
5555: 100 
/blind 
player 7777:hold/ 
HEARTS K 
CLUBS 8 
/hold 
player 5555:hold/ 
HEARTS 8 
SPADES 6 
/hold 
player 8888:hold/ 
CLUBS Q 
SPADES Q 
/hold 

---pre flop round bet---
valid player: 3, all in player: 0, fold player: 0

send inquire msg to player 8888 
inquire/ 
5555 2000 8000 100 blind 
7777 1550 8000 50 blind 
total pot: 150 
/inquire 
recv from player 8888: call 


send inquire msg to player 7777 
inquire/ 
8888 1300 8000 100 call 
5555 2000 8000 100 blind 
7777 1550 8000 50 blind 
total pot: 250 
/inquire 
recv from player 7777: call 


send inquire msg to player 5555 
inquire/ 
7777 1500 8000 100 call 
8888 1300 8000 100 call 
5555 2000 8000 100 blind 
total pot: 300 
/inquire 
recv from player 5555: call 

flop/ 
HEARTS J 
DIAMONDS 3 
SPADES A 
/flop 

---flop round bet---
valid player: 3, all in player: 0, fold player: 0

send inquire msg to player 7777 
inquire/ 
8888 1300 8000 100 call 
5555 2000 8000 100 check 
7777 1500 8000 100 call 
total pot: 300 
/inquire 
recv from player 7777: fold 


send inquire msg to player 5555 
inquire/ 
7777 1500 8000 100 fold 
8888 1300 8000 100 call 
5555 2000 8000 100 check 
total pot: 300 
/inquire 
recv from player 5555: fold 


send inquire msg to player 8888 
inquire/ 
5555 2000 8000 100 fold 
7777 1500 8000 100 fold 
8888 1300 8000 100 call 
total pot: 300 
/inquire 
recv from player 8888: fold 


---turn round bet---
valid player: 3, all in player: 0, fold player: 3

---river round bet---
valid player: 3, all in player: 0, fold player: 3

----- notify msg last round -----

--- 0 players not fold, don't need show down---

---Allocate pot---
pot-win/ 
/pot-win 
it is player 7777's turn to be button

-----14 Hand-----

----- clean player data in socket -----
seat/ 
button: 7777 1500 8000 
small blind: 5555 2000 8000 
big blind: 8888 1300 8000 
/seat 
blind/ 
5555: 50 
8888: 100 
/blind 
player 5555:hold/ 
CLUBS Q 
DIAMONDS K 
/hold 
player 8888:hold/ 
SPADES Q 
DIAMONDS 4 
/hold 
player 7777:hold/ 
HEARTS 3 
SPADES 6 
/hold 

---pre flop round bet---
valid player: 3, all in player: 0, fold player: 0

send inquire msg to player 7777 
inquire/ 
8888 1200 8000 100 blind 
5555 1950 8000 50 blind 
total pot: 150 
/inquire 
recv from player 7777: fold 


send inquire msg to player 5555 
inquire/ 
7777 1500 8000 0 fold 
8888 1200 8000 100 blind 
5555 1950 8000 50 blind 
total pot: 150 
/inquire 
recv from player 5555: fold 


send inquire msg to player 8888 
inquire/ 
5555 1950 8000 50 fold 
7777 1500 8000 0 fold 
8888 1200 8000 100 blind 
total pot: 150 
/inquire 
recv from player 8888: check 


---flop round bet---
valid player: 3, all in player: 0, fold player: 2

---turn round bet---
valid player: 3, all in player: 0, fold player: 2

---river round bet---
valid player: 3, all in player: 0, fold player: 2

----- notify msg last round -----

--- 1 players not fold, don't need show down---

---Allocate pot---
Only player at seat 1 not fold, win all the pot 150
pot-win/ 
8888: 150 
/pot-win 
it is player 5555's turn to be button

-----15 Hand-----

----- clean player data in socket -----
find residue data from player 8888, data size 7
find residue data from player 7777, data size 14
find residue data from player 5555, data size 7
seat/ 
button: 5555 1950 8000 
small blind: 8888 1350 8000 
big blind: 7777 1500 8000 
/seat 
blind/ 
8888: 50 
7777: 100 
/blind 
player 8888:hold/ 
SPADES Q 
SPADES 8 
/hold 
player 7777:hold/ 
CLUBS J 
DIAMONDS 7 
/hold 
player 5555:hold/ 
SPADES 3 
SPADES J 
/hold 

---pre flop round bet---
valid player: 3, all in player: 0, fold player: 0
find residue data from player 5555, data size 7

send inquire msg to player 5555 
inquire/ 
7777 1400 8000 100 blind 
8888 1300 8000 50 blind 
total pot: 150 
/inquire 
recv from player 5555: call 


send inquire msg to player 8888 
inquire/ 
5555 1850 8000 100 call 
7777 1400 8000 100 blind 
8888 1300 8000 50 blind 
total pot: 250 
/inquire 
recv from player 8888: fold 


send inquire msg to player 7777 
inquire/ 
8888 1300 8000 50 fold 
5555 1850 8000 100 call 
7777 1400 8000 100 blind 
total pot: 250 
/inquire 
recv from player 7777: call 

flop/ 
CLUBS 6 
SPADES A 
SPADES 6 
/flop 

---flop round bet---
valid player: 3, all in player: 0, fold player: 1

send inquire msg to player 7777 
inquire/ 
8888 1300 8000 50 fold 
5555 1850 8000 100 call 
7777 1400 8000 100 check 
total pot: 250 
/inquire 
recv from player 7777: fold 


send inquire msg to player 5555 
inquire/ 
7777 1400 8000 100 fold 
8888 1300 8000 50 fold 
5555 1850 8000 100 call 
total pot: 250 
/inquire 
recv from player 5555: fold 


---turn round bet---
valid player: 3, all in player: 0, fold player: 3

---river round bet---
valid player: 3, all in player: 0, fold player: 3

----- notify msg last round -----

--- 0 players not fold, don't need show down---

---Allocate pot---
pot-win/ 
/pot-win 
it is player 8888's turn to be button

-----16 Hand-----

----- clean player data in socket -----
find residue data from player 8888, data size 7
seat/ 
button: 8888 1300 8000 
small blind: 7777 1400 8000 
big blind: 5555 1850 8000 
/seat 
blind/ 
7777: 50 
5555: 100 
/blind 
player 7777:hold/ 
SPADES 5 
DIAMONDS Q 
/hold 
player 5555:hold/ 
CLUBS 3 
DIAMONDS 5 
/hold 
player 8888:hold/ 
CLUBS 7 
SPADES 9 
/hold 

---pre flop round bet---
valid player: 3, all in player: 0, fold player: 0
find residue data from player 8888, data size 7

send inquire msg to player 8888 
inquire/ 
5555 1750 8000 100 blind 
7777 1350 8000 50 blind 
total pot: 150 
/inquire 
recv from player 8888: call 


send inquire msg to player 7777 
inquire/ 
8888 1200 8000 100 call 
5555 1750 8000 100 blind 
7777 1350 8000 50 blind 
total pot: 250 
/inquire 
recv from player 7777: fold 


send inquire msg to player 5555 
inquire/ 
7777 1350 8000 50 fold 
8888 1200 8000 100 call 
5555 1750 8000 100 blind 
total pot: 250 
/inquire 
recv from player 5555: check 

flop/ 
HEARTS 2 
DIAMONDS 2 
SPADES 6 
/flop 

---flop round bet---
valid player: 3, all in player: 0, fold player: 1

send inquire msg to player 5555 
inquire/ 
7777 1350 8000 50 fold 
8888 1200 8000 100 call 
5555 1750 8000 100 check 
total pot: 250 
/inquire 
recv from player 5555: fold 

find residue data from player 8888, data size 7

send inquire msg to player 8888 
inquire/ 
5555 1750 8000 100 fold 
7777 1350 8000 50 fold 
8888 1200 8000 100 call 
total pot: 250 
/inquire 
recv from player 8888: fold 


---turn round bet---
valid player: 3, all in player: 0, fold player: 3

---river round bet---
valid player: 3, all in player: 0, fold player: 3

----- notify msg last round -----

--- 0 players not fold, don't need show down---

---Allocate pot---
pot-win/ 
/pot-win 
it is player 7777's turn to be button

-----17 Hand-----

----- clean player data in socket -----
find residue data from player 5555, data size 8
find residue data from player 7777, data size 14
seat/ 
button: 7777 1350 8000 
small blind: 5555 1750 8000 
big blind: 8888 1200 8000 
/seat 
blind/ 
5555: 50 
8888: 100 
/blind 
player 5555:hold/ 
DIAMONDS 4 
HEARTS J 
/hold 
player 8888:hold/ 
CLUBS A 
DIAMONDS 10 
/hold 
player 7777:hold/ 
HEARTS 6 
SPADES 2 
/hold 

---pre flop round bet---
valid player: 3, all in player: 0, fold player: 0

send inquire msg to player 7777 
inquire/ 
8888 1100 8000 100 blind 
5555 1700 8000 50 blind 
total pot: 150 
/inquire 
recv from player 7777: call 


send inquire msg to player 5555 
inquire/ 
7777 1250 8000 100 call 
8888 1100 8000 100 blind 
5555 1700 8000 50 blind 
total pot: 250 
/inquire 
recv from player 5555: call 


send inquire msg to player 8888 
inquire/ 
5555 1650 8000 100 call 
7777 1250 8000 100 call 
8888 1100 8000 100 blind 
total pot: 300 
/inquire 
recv from player 8888: call 

flop/ 
CLUBS J 
CLUBS 8 
DIAMONDS K 
/flop 

---flop round bet---
valid player: 3, all in player: 0, fold player: 0

send inquire msg to player 5555 
inquire/ 
7777 1250 8000 100 call 
8888 1100 8000 100 check 
5555 1650 8000 100 call 
total pot: 300 
/inquire 
recv from player 5555: fold 


send inquire msg to player 8888 
inquire/ 
5555 1650 8000 100 fold 
7777 1250 8000 100 call 
8888 1100 8000 100 check 
total pot: 300 
/inquire 
recv from player 8888: fold 

find residue data from player 7777, data size 7

send inquire msg to player 7777 
inquire/ 
8888 1100 8000 100 fold 
5555 1650 8000 100 fold 
7777 1250 8000 100 call 
total pot: 300 
/inquire 
recv from player 7777: fold 


---turn round bet---
valid player: 3, all in player: 0, fold player: 3

---river round bet---
valid player: 3, all in player: 0, fold player: 3

----- notify msg last round -----

--- 0 players not fold, don't need show down---

---Allocate pot---
pot-win/ 
/pot-win 
it is player 5555's turn to be button

-----18 Hand-----

----- clean player data in socket -----
seat/ 
button: 5555 1650 8000 
small blind: 8888 1100 8000 
big blind: 7777 1250 8000 
/seat 
blind/ 
8888: 50 
7777: 100 
/blind 
player 8888:hold/ 
SPADES 7 
SPADES 10 
/hold 
player 7777:hold/ 
DIAMONDS 3 
CLUBS 10 
/hold 
player 5555:hold/ 
DIAMONDS 4 
CLUBS 2 
/hold 

---pre flop round bet---
valid player: 3, all in player: 0, fold player: 0

send inquire msg to player 5555 
inquire/ 
7777 1150 8000 100 blind 
8888 1050 8000 50 blind 
total pot: 150 
/inquire 
recv from player 5555: check 

find residue data from player 8888, data size 8

send inquire msg to player 8888 
inquire/ 
5555 1550 8000 100 call 
7777 1150 8000 100 blind 
8888 1050 8000 50 blind 
total pot: 250 
/inquire 
recv from player 8888: call 


send inquire msg to player 7777 
inquire/ 
8888 1000 8000 100 call 
5555 1550 8000 100 call 
7777 1150 8000 100 blind 
total pot: 300 
/inquire 
recv from player 7777: call 

flop/ 
DIAMONDS 5 
CLUBS K 
SPADES J 
/flop 

---flop round bet---
valid player: 3, all in player: 0, fold player: 0

send inquire msg to player 8888 
inquire/ 
5555 1550 8000 100 call 
7777 1150 8000 100 check 
8888 1000 8000 100 call 
total pot: 300 
/inquire 
recv from player 8888: fold 

find residue data from player 7777, data size 7

send inquire msg to player 7777 
inquire/ 
8888 1000 8000 100 fold 
5555 1550 8000 100 call 
7777 1150 8000 100 check 
total pot: 300 
/inquire 
recv from player 7777: fold 

find residue data from player 5555, data size 14

send inquire msg to player 5555 
inquire/ 
7777 1150 8000 100 fold 
8888 1000 8000 100 fold 
5555 1550 8000 100 call 
total pot: 300 
/inquire 
recv from player 5555: fold 


---turn round bet---
valid player: 3, all in player: 0, fold player: 3

---river round bet---
valid player: 3, all in player: 0, fold player: 3

----- notify msg last round -----

--- 0 players not fold, don't need show down---

---Allocate pot---
pot-win/ 
/pot-win 
it is player 8888's turn to be button

-----19 Hand-----

----- clean player data in socket -----
find residue data from player 8888, data size 7
seat/ 
button: 8888 1000 8000 
small blind: 7777 1150 8000 
big blind: 5555 1550 8000 
/seat 
blind/ 
7777: 50 
5555: 100 
/blind 
player 7777:hold/ 
HEARTS 9 
SPADES 8 
/hold 
player 5555:hold/ 
CLUBS 7 
HEARTS 6 
/hold 
player 8888:hold/ 
CLUBS 5 
HEARTS A 
/hold 

---pre flop round bet---
valid player: 3, all in player: 0, fold player: 0

send inquire msg to player 8888 
inquire/ 
5555 1450 8000 100 blind 
7777 1100 8000 50 blind 
total pot: 150 
/inquire 
recv from player 8888: call 


send inquire msg to player 7777 
inquire/ 
8888 900 8000 100 call 
5555 1450 8000 100 blind 
7777 1100 8000 50 blind 
total pot: 250 
/inquire 
recv from player 7777: call 


send inquire msg to player 5555 
inquire/ 
7777 1050 8000 100 call 
8888 900 8000 100 call 
5555 1450 8000 100 blind 
total pot: 300 
/inquire 
recv from player 5555: call 

flop/ 
HEARTS 2 
HEARTS J 
DIAMONDS 9 
/flop 

---flop round bet---
valid player: 3, all in player: 0, fold player: 0

send inquire msg to player 7777 
inquire/ 
8888 900 8000 100 call 
5555 1450 8000 100 check 
7777 1050 8000 100 call 
total pot: 300 
/inquire 
recv from player 7777: fold 

find residue data from player 5555, data size 7

send inquire msg to player 5555 
inquire/ 
7777 1050 8000 100 fold 
8888 900 8000 100 call 
5555 1450 8000 100 check 
total pot: 300 
/inquire 
recv from player 5555: fold 

find residue data from player 8888, data size 7

send inquire msg to player 8888 
inquire/ 
5555 1450 8000 100 fold 
7777 1050 8000 100 fold 
8888 900 8000 100 call 
total pot: 300 
/inquire 
recv from player 8888: check 


---turn round bet---
valid player: 3, all in player: 0, fold player: 2

---river round bet---
valid player: 3, all in player: 0, fold player: 2

----- notify msg last round -----

--- 1 players not fold, don't need show down---

---Allocate pot---
Only player at seat 7 not fold, win all the pot 300
pot-win/ 
8888: 300 
/pot-win 
it is player 7777's turn to be button

-----20 Hand-----

----- clean player data in socket -----
find residue data from player 7777, data size 8
seat/ 
button: 7777 1050 8000 
small blind: 5555 1450 8000 
big blind: 8888 1200 8000 
/seat 
blind/ 
5555: 50 
8888: 100 
/blind 
player 5555:hold/ 
CLUBS 2 
SPADES A 
/hold 
player 8888:hold/ 
SPADES 7 
CLUBS Q 
/hold 
player 7777:hold/ 
SPADES 3 
CLUBS 3 
/hold 

---pre flop round bet---
valid player: 3, all in player: 0, fold player: 0

send inquire msg to player 7777 
inquire/ 
8888 1100 8000 100 blind 
5555 1400 8000 50 blind 
total pot: 150 
/inquire 
recv from player 7777: call 


send inquire msg to player 5555 
inquire/ 
